Frequency (Hz)	Level (dB)
10.766602	-66.423729
21.533203	-64.382156
32.299805	-64.073860
43.066406	-62.044704
53.833008	-61.373398
64.599609	-60.008659
75.366211	-61.535042
86.132812	-61.592163
96.899414	-63.392483
107.666016	-63.492805
118.432617	-64.711327
129.199219	-65.080658
139.965820	-65.659164
150.732422	-65.596283
161.499023	-66.624138
172.265625	-66.550461
183.032227	-67.182327
193.798828	-66.929008
204.565430	-65.781364
215.332031	-65.028282
226.098633	-64.304359
236.865234	-62.617455
247.631836	-60.597218
258.398438	-58.590588
269.165039	-57.219501
279.931641	-57.032959
290.698242	-57.442730
301.464844	-58.629910
312.231445	-60.803947
322.998047	-62.513725
333.764648	-64.540337
344.531250	-65.934990
355.297852	-66.511948
366.064453	-67.309052
376.831055	-68.162148
387.597656	-68.906708
398.364258	-69.465225
409.130859	-69.442482
419.897461	-69.103882
430.664062	-68.376625
441.430664	-68.018394
452.197266	-67.847672
462.963867	-67.240913
473.730469	-66.473747
484.497070	-65.554855
495.263672	-64.508759
506.030273	-63.208893
516.796875	-61.584278
527.563477	-59.607407
538.330078	-57.514503
549.096680	-56.096241
559.863281	-56.682560
570.629883	-58.668293
581.396484	-60.943256
592.163086	-62.655003
602.929688	-64.071068
613.696289	-65.007027
624.462891	-65.731422
635.229492	-66.355591
645.996094	-67.066147
656.762695	-67.957680
667.529297	-68.458496
678.295898	-68.598778
689.062500	-68.972153
699.829102	-69.083000
710.595703	-68.751617
721.362305	-68.424019
732.128906	-67.711166
742.895508	-67.122826
753.662109	-66.145264
764.428711	-64.734589
775.195312	-63.382915
785.961914	-61.797470
796.728516	-59.431770
807.495117	-56.343742
818.261719	-54.192467
829.028320	-54.285061
839.794922	-56.148262
850.561523	-58.774872
861.328125	-61.385181
872.094727	-63.271790
882.861328	-64.984039
893.627930	-66.239708
904.394531	-66.831657
915.161133	-67.468704
925.927734	-68.335701
936.694336	-68.390228
947.460938	-68.524895
958.227539	-68.479156
968.994141	-68.396683
979.760742	-68.246391
990.527344	-67.964676
1001.293945	-67.622215
1012.060547	-67.025269
1022.827148	-66.074165
1033.593750	-65.271255
1044.360352	-63.720577
1055.126953	-61.893478
1065.893555	-58.942413
1076.660156	-55.809700
1087.426758	-53.196671
1098.193359	-52.261463
1108.959961	-53.948479
1119.726562	-57.162476
1130.493164	-59.717525
1141.259766	-61.581036
1152.026367	-63.163288
1162.792969	-64.487160
1173.559570	-65.405891
1184.326172	-66.314331
1195.092773	-66.497589
1205.859375	-66.807381
1216.625977	-67.123589
1227.392578	-67.551544
1238.159180	-67.551857
1248.925781	-67.249245
1259.692383	-66.846313
1270.458984	-66.599922
1281.225586	-65.645340
1291.992188	-64.807999
1302.758789	-63.718185
1313.525391	-62.059612
1324.291992	-60.375072
1335.058594	-58.067638
1345.825195	-55.477829
1356.591797	-52.193798
1367.358398	-50.324780
1378.125000	-51.916916
1388.891602	-55.051029
1399.658203	-57.720425
1410.424805	-60.099468
1421.191406	-61.859795
1431.958008	-62.965584
1442.724609	-64.155617
1453.491211	-65.134743
1464.257812	-65.692009
1475.024414	-65.902985
1485.791016	-65.938103
1496.557617	-65.987617
1507.324219	-66.060272
1518.090820	-66.015427
1528.857422	-65.398605
1539.624023	-64.838188
1550.390625	-64.026474
1561.157227	-63.375370
1571.923828	-62.764011
1582.690430	-61.392883
1593.457031	-59.770592
1604.223633	-57.493282
1614.990234	-55.010719
1625.756836	-51.332832
1636.523438	-48.690754
1647.290039	-49.207321
1658.056641	-52.680851
1668.823242	-55.947517
1679.589844	-58.412079
1690.356445	-60.073593
1701.123047	-61.344921
1711.889648	-62.139324
1722.656250	-63.018753
1733.422852	-63.648678
1744.189453	-64.053513
1754.956055	-64.395264
1765.722656	-64.462410
1776.489258	-64.260681
1787.255859	-64.358902
1798.022461	-64.174103
1808.789062	-63.801163
1819.555664	-63.343521
1830.322266	-62.242138
1841.088867	-61.438881
1851.855469	-60.395756
1862.622070	-58.750637
1873.388672	-56.692078
1884.155273	-53.924393
1894.921875	-50.612896
1905.688477	-47.757423
1916.455078	-47.786354
1927.221680	-50.595261
1937.988281	-53.938694
1948.754883	-56.238777
1959.521484	-57.877518
1970.288086	-59.272213
1981.054688	-60.435707
1991.821289	-61.225731
2002.587891	-62.010670
2013.354492	-62.243206
2024.121094	-62.452332
2034.887695	-62.964611
2045.654297	-62.784599
2056.420898	-62.522820
2067.187500	-62.220123
2077.954102	-61.871914
2088.720703	-61.593372
2099.487305	-60.767876
2110.253906	-59.650356
2121.020508	-58.801250
2131.787109	-57.234341
2142.553711	-55.620922
2153.320312	-53.080971
2164.086914	-49.854572
2174.853516	-46.924362
2185.620117	-45.784794
2196.386719	-47.597630
2207.153320	-50.770897
2217.919922	-53.466553
2228.686523	-55.682037
2239.453125	-57.216045
2250.219727	-58.309410
2260.986328	-59.425507
2271.752930	-60.402317
2282.519531	-60.369442
2293.286133	-60.731693
2304.052734	-61.089149
2314.819336	-60.899490
2325.585938	-60.931232
2336.352539	-60.764370
2347.119141	-60.511929
2357.885742	-59.930004
2368.652344	-59.292484
2379.418945	-58.247402
2390.185547	-57.356033
2400.952148	-55.884987
2411.718750	-54.294495
2422.485352	-52.286022
2433.251953	-49.161098
2444.018555	-46.020840
2454.785156	-44.035866
2465.551758	-44.751976
2476.318359	-47.553631
2487.084961	-50.608738
2497.851562	-52.873310
2508.618164	-54.496876
2519.384766	-55.960056
2530.151367	-57.235931
2540.917969	-57.908691
2551.684570	-58.111191
2562.451172	-58.608509
2573.217773	-58.650017
2583.984375	-59.034893
2594.750977	-59.095093
2605.517578	-58.814075
2616.284180	-58.688698
2627.050781	-57.810543
2637.817383	-57.236805
2648.583984	-56.549507
2659.350586	-55.365841
2670.117188	-54.543270
2680.883789	-52.910648
2691.650391	-50.636547
2702.416992	-47.754692
2713.183594	-44.651657
2723.950195	-42.235016
2734.716797	-42.416664
2745.483398	-44.781849
2756.250000	-47.465820
2767.016602	-50.085678
2777.783203	-51.886864
2788.549805	-53.342045
2799.316406	-54.220524
2810.083008	-55.190819
2820.849609	-55.958820
2831.616211	-56.185524
2842.382812	-56.716187
2853.149414	-57.189259
2863.916016	-57.001915
2874.682617	-56.614265
2885.449219	-56.355412
2896.215820	-56.252087
2906.982422	-55.618622
2917.749023	-55.110165
2928.515625	-53.877823
2939.282227	-52.589676
2950.048828	-51.405914
2960.815430	-49.580231
2971.582031	-47.363998
2982.348633	-44.260609
2993.115234	-41.153233
3003.881836	-40.437637
3014.648438	-42.258556
3025.415039	-45.267071
3036.181641	-47.712402
3046.948242	-49.675709
3057.714844	-51.347637
3068.481445	-52.554413
3079.248047	-53.999146
3090.014648	-54.587070
3100.781250	-54.795471
3111.547852	-55.036819
3122.314453	-55.371052
3133.081055	-55.363068
3143.847656	-55.172386
3154.614258	-54.928410
3165.380859	-55.065437
3176.147461	-54.329117
3186.914062	-53.714840
3197.680664	-53.261715
3208.447266	-52.298077
3219.213867	-50.890411
3229.980469	-49.417339
3240.747070	-47.362717
3251.513672	-44.970676
3262.280273	-42.115612
3273.046875	-40.218071
3283.813477	-40.802177
3294.580078	-42.956005
3305.346680	-45.739731
3316.113281	-48.149738
3326.879883	-49.829182
3337.646484	-51.021935
3348.413086	-52.111355
3359.179688	-52.865707
3369.946289	-53.812950
3380.712891	-53.974476
3391.479492	-54.192677
3402.246094	-54.816528
3413.012695	-55.126202
3423.779297	-54.722851
3434.545898	-54.588009
3445.312500	-54.176033
3456.079102	-53.427246
3466.845703	-52.761307
3477.612305	-52.126316
3488.378906	-50.982872
3499.145508	-49.520775
3509.912109	-48.073738
3520.678711	-45.728256
3531.445312	-43.070847
3542.211914	-40.731316
3552.978516	-39.988834
3563.745117	-41.801525
3574.511719	-44.736141
3585.278320	-47.168434
3596.044922	-49.103184
3606.811523	-50.659695
3617.578125	-51.690338
3628.344727	-52.963997
3639.111328	-53.569546
3649.877930	-54.275822
3660.644531	-54.637363
3671.411133	-55.216351
3682.177734	-55.255016
3692.944336	-55.130829
3703.710938	-55.286114
3714.477539	-55.194885
3725.244141	-54.722698
3736.010742	-54.010952
3746.777344	-53.316647
3757.543945	-52.409298
3768.310547	-51.215904
3779.077148	-49.655094
3789.843750	-47.911224
3800.610352	-45.240829
3811.376953	-42.918270
3822.143555	-41.522495
3832.910156	-42.317017
3843.676758	-44.528328
3854.443359	-47.531963
3865.209961	-49.793056
3875.976562	-51.348907
3886.743164	-52.904457
3897.509766	-54.363258
3908.276367	-54.923241
3919.042969	-55.607410
3929.809570	-56.159927
3940.576172	-56.727364
3951.342773	-56.885742
3962.109375	-56.698036
3972.875977	-56.635502
3983.642578	-56.451183
3994.409180	-56.262768
4005.175781	-55.847145
4015.942383	-55.305950
4026.708984	-54.476967
4037.475586	-53.289402
4048.242188	-51.929047
4059.008789	-50.385208
4069.775391	-48.018143
4080.541992	-45.412270
4091.308594	-43.188984
4102.075195	-42.878525
4112.841797	-44.754086
4123.608398	-47.652321
4134.375000	-49.933243
4145.141602	-52.024643
4155.908203	-53.632450
4166.674805	-54.852177
4177.441406	-55.568493
4188.208008	-56.623127
4198.974609	-57.224697
4209.741211	-57.534180
4220.507812	-57.559891
4231.274414	-57.912956
4242.041016	-58.095490
4252.807617	-57.803650
4263.574219	-57.489643
4274.340820	-57.205627
4285.107422	-56.858261
4295.874023	-56.108616
4306.640625	-55.024925
4317.407227	-53.529964
4328.173828	-52.177814
4338.940430	-50.496651
4349.707031	-47.985157
4360.473633	-45.485813
4371.240234	-44.084496
4382.006836	-44.874710
4392.773438	-47.462902
4403.540039	-50.297554
4414.306641	-52.547302
4425.073242	-54.254070
4435.839844	-55.574032
4446.606445	-56.471123
4457.373047	-57.479359
4468.139648	-58.504673
4478.906250	-59.002209
4489.672852	-59.333950
4500.439453	-59.491001
4511.206055	-59.486057
4521.972656	-59.489868
4532.739258	-59.127098
4543.505859	-58.919075
4554.272461	-58.374859
4565.039062	-57.545647
4575.805664	-56.892860
4586.572266	-55.727161
4597.338867	-54.375580
4608.105469	-52.671711
4618.872070	-50.599434
4629.638672	-48.153904
4640.405273	-45.847939
4651.171875	-45.653088
4661.938477	-47.598671
4672.705078	-50.176811
4683.471680	-52.252388
4694.238281	-54.314873
4705.004883	-56.006561
4715.771484	-57.277328
4726.538086	-57.991520
4737.304688	-58.909679
4748.071289	-59.365974
4758.837891	-59.839012
4769.604492	-60.200264
4780.371094	-60.393486
4791.137695	-60.307308
4801.904297	-60.397209
4812.670898	-59.917503
4823.437500	-59.194641
4834.204102	-58.577065
4844.970703	-57.949764
4855.737305	-57.217659
4866.503906	-56.134552
4877.270508	-54.180397
4888.037109	-52.148319
4898.803711	-49.845028
4909.570312	-47.576000
4920.336914	-46.438156
4931.103516	-47.543030
4941.870117	-50.275215
4952.636719	-52.733471
4963.403320	-54.879601
4974.169922	-56.550251
4984.936523	-57.992336
4995.703125	-59.057827
5006.469727	-59.765327
5017.236328	-60.549019
5028.002930	-61.662819
5038.769531	-62.373810
5049.536133	-62.416759
5060.302734	-62.177116
5071.069336	-62.497028
5081.835938	-62.500710
5092.602539	-62.201794
5103.369141	-61.996304
5114.135742	-61.778168
5124.902344	-61.110676
5135.668945	-60.053101
5146.435547	-59.099854
5157.202148	-57.649506
5167.968750	-55.475883
5178.735352	-53.356991
5189.501953	-52.196774
5200.268555	-52.566341
5211.035156	-54.785961
5221.801758	-57.866867
5232.568359	-60.118271
5243.334961	-62.511322
5254.101562	-64.827942
5264.868164	-66.654106
5275.634766	-68.135651
5286.401367	-69.419365
5297.167969	-70.485023
5307.934570	-71.719048
5318.701172	-72.834122
5329.467773	-73.736351
5340.234375	-74.844109
5351.000977	-75.479126
5361.767578	-76.120354
5372.534180	-76.613884
5383.300781	-76.873886
5394.067383	-77.312134
5404.833984	-77.642723
5415.600586	-77.526306
5426.367188	-77.110222
5437.133789	-76.257294
5447.900391	-75.460709
5458.666992	-74.542770
5469.433594	-74.462708
5480.200195	-76.245758
5490.966797	-79.567627
5501.733398	-82.469414
